        Node 1  Node 2  Node 3  Node 4  Node 5   Seq_1   Seq_2   Seq_3   Seq_4   Seq_5   Seq_6
Node 1    0.00  220.00  192.25   54.25  117.50   63.50   63.50  172.00  298.50  298.50  298.50
Node 2  220.00    0.00   27.75  165.75  102.50  283.50  283.50  283.50  134.00   78.50   78.50
Node 3  192.25   27.75    0.00  138.00   74.75  255.75  255.75  255.75  106.25  106.25  106.25
Node 4   54.25  165.75  138.00    0.00   63.25  117.75  117.75  117.75  244.25  244.25  244.25
Node 5  117.50  102.50   74.75   63.25    0.00  181.00  181.00  181.00  181.00  181.00  181.00
Seq_1    63.50  283.50  255.75  117.75  181.00    0.00  127.00  235.50  362.00  362.00  362.00
Seq_2    63.50  283.50  255.75  117.75  181.00  127.00    0.00  235.50  362.00  362.00  362.00
Seq_3   172.00  283.50  255.75  117.75  181.00  235.50  235.50    0.00  362.00  362.00  362.00
Seq_4   298.50  134.00  106.25  244.25  181.00  362.00  362.00  362.00    0.00  212.50  212.50
Seq_5   298.50   78.50  106.25  244.25  181.00  362.00  362.00  362.00  212.50    0.00  157.00
Seq_6   298.50   78.50  106.25  244.25  181.00  362.00  362.00  362.00  212.50  157.00    0.00